;
; BonDriver_PX4 チャンネル定義ファイル (ISDB-S) (日本における衛星波デジタル放送用)
; (BonDriver_PT3-STのChSet.txtと互換性あり)
;
; チャンネル空間定義 ($チャンネル空間名<TAB>チャンネル空間ID)
$BS	0
$CS110	1
;
; チャンネル定義 (チャンネル名<TAB>チャンネル空間ID<TAB>チャンネルID<TAB>PTX内部チャンネルID<TAB>TSID(ISDB-S用))
; [BS]
BS01/TS0	0	0	0	16400
BS01/TS1	0	1	0	16401
BS01/TS2	0	2	0	16402
BS03/TS0	0	3	1	16432
BS03/TS1	0	4	1	17969
BS03/TS2	0	5	1	17970
BS05/TS0	0	6	2	17488
BS05/TS1	0	7	2	17489
BS09/TS0	0	8	4	16528
BS09/TS1	0	9	4	16530
BS13/TS0	0	10	6	16592
BS13/TS1	0	11	6	16593
BS13/TS2	0	12	6	18130
BS15/TS0	0	13	7	16625
BS15/TS1	0	14	7	16626
BS15/TS2	0	15	7	18675
BS19/TS0	0	16	9	18224
BS19/TS1	0	17	9	18225
BS19/TS2	0	18	9	18226
BS19/TS3	0	19	9	18227
BS21/TS0	0	20	10	18256
BS21/TS1	0	21	10	18257
BS21/TS2	0	22	10	18258
BS23/TS0	0	23	11	18288
BS23/TS1	0	24	11	18801
BS23/TS2	0	25	11	18803
; [CS]
ND02	1	0	12	24608
ND04	1	1	13	28736
ND06	1	2	14	28768
ND08	1	3	15	24704
ND10	1	4	16	24736
ND12	1	5	17	28864
ND14	1	6	18	28896
ND16	1	7	19	28928
ND18	1	8	20	28960
ND20	1	9	21	28992
ND22	1	10	22	29024
ND24	1	11	23	29056
